0.011 68.1591
0.021 129.188
0.031 189.341
0.041 248.632
0.051 307.074
0.0609999 364.681
0.0710001 421.464
0.081 477.436
0.091 532.607
0.101 585.513
0.111 624.461
0.121 662.846
0.131 700.677
0.141 737.962
0.151 774.707
0.161 810.921
0.171 846.607
0.181 881.775
0.191 916.433
0.201 950.902
0.211 987.715
0.221 1023.99
0.231 1059.74
0.241 1094.96
0.251 1129.66
0.261 1163.85
0.271 1197.54
0.281 1230.73
0.291 1263.42
0.301 1296.05
0.311 1332.02
0.321 1367.46
0.331 1402.37
0.341 1436.75
0.351 1470.62
0.361 1503.96
0.371 1536.8
0.381 1569.14
0.391 1600.97
0.401 1632.75
0.411 1667.95
0.421 1702.6
0.431 1736.71
0.441 1770.3
0.451 1803.35
0.461 1835.88
0.471 1867.89
0.481 1899.39
0.491 1930.38
0.501 1961.3
0.511 1995.48
0.521 2029.11
0.531 2062.19
0.541 2094.73
0.551 2126.73
0.561 2158.2
0.571 2189.14
0.581 2219.56
0.591 2249.46
0.601 2279.23
0.611 2312.09
0.621 2344.38
0.631 2376.11
0.641 2407.3
0.651 2437.93
0.661 2468.02
0.671 2497.57
0.681 2526.59
0.691 2555.08
0.701 2583.41
0.711 2614.6
0.721 2645.2
0.731 2675.25
0.741 2704.73
0.751 2733.67
0.761 2762.04
0.771 2789.87
0.781 2817.16
0.791 2843.9
0.801 2870.47
0.811 2899.65
0.821 2928.27
0.831 2956.31
0.841 2983.78
0.851 3010.7
0.861 3037.05
0.871 3062.85
0.881 3088.11
0.891 3112.81
0.901 3137.31
0.911 3164.21
0.921 3190.53
0.931 3216.28
0.941 3241.46
0.951 3266.07
0.961 3290.12
0.971 3313.62
0.981 3336.56
0.991 3358.96
1.001 3381.12
1.011 3405.48
1.021 3429.26
1.031 3452.47
1.041 3475.11
1.051 3497.19
1.061 3518.7
1.071 3539.66
1.081 3560.07
1.091 3579.93
1.101 3599.54
1.111 3621.16
1.121 3642.2
1.131 3662.67
1.141 3682.58
1.151 3701.92
1.161 3720.72
1.171 3738.97
1.181 3756.66
1.191 3773.82
1.201 3790.71
1.211 3809.42
1.221 3827.58
1.231 3845.17
1.241 3862.2
1.251 3878.68
1.261 3894.63
1.271 3910.04
1.281 3924.9
1.291 3939.24
1.301 3953.29
1.311 3969.01
1.321 3984.18
1.331 3998.8
1.341 4012.87
1.351 4026.41
1.361 4039.43
1.371 4051.92
1.381 4063.89
1.391 4075.34
1.401 4086.5
1.411 4099.19
1.421 4111.33
1.431 4122.94
1.441 4134.03
1.451 4144.61
1.461 4154.68
1.471 4164.23
1.481 4173.29
1.491 4181.85
1.501 4190.13
1.511 4199.78
1.521 4208.93
1.531 4217.55
1.541 4225.68
1.551 4233.32
1.561 4240.47
1.571 4247.14
1.581 4253.32
1.591 4259.03
1.601 4264.47
1.611 4271.16
1.621 4277.35
1.631 4283.07
1.641 4288.31
1.651 4293.09
1.661 4297.4
1.671 4301.25
1.681 4304.65
1.691 4307.61
1.701 4310.31
1.711 4314.13
1.721 4317.49
1.731 4320.4
1.741 4322.87
1.751 4324.9
1.761 4326.5
1.771 4327.67
1.781 4328.42
1.791 4328.75
1.801 4328.83
1.811 4329.94
1.821 4330.64
1.831 4330.9
1.841 4330.74
1.851 4330.19
1.861 4329.23
1.871 4327.88
1.881 4326.14
1.891 4324.02
1.901 4321.66
1.911 4320.24
1.921 4318.42
1.931 4316.22
1.941 4313.64
1.951 4310.69
1.961 4307.37
1.971 4303.68
1.981 4299.65
1.991 4295.26
2.001 4290.65
2.011 4286.91
2.021 4282.8
2.031 4278.35
2.041 4273.54
2.051 4268.41
2.061 4262.93
2.071 4257.13
2.081 4251.01
2.091 4244.57
2.101 4237.94
2.111 4232.09
2.121 4225.92
2.131 4219.43
2.141 4212.64
2.151 4205.53
2.161 4198.13
2.171 4190.44
2.181 4182.47
2.191 4174.2
2.201 4165.77
2.211 4158.06
2.221 4150.06
2.231 4141.78
2.241 4133.22
2.251 4124.39
2.261 4115.31
2.271 4105.96
2.281 4096.35
2.291 4086.5
2.301 4076.51
2.311 4067.18
2.321 4057.58
2.331 4047.75
2.341 4037.67
2.351 4027.36
2.361 4016.82
2.371 4006.05
2.381 3995.06
2.391 3983.85
2.401 3972.53
2.411 3961.8
2.421 3950.87
2.431 3939.72
2.441 3928.35
2.451 3916.79
2.461 3905.02
2.471 3893.06
2.481 3880.92
2.491 3868.59
2.501 3856.16
2.511 3844.29
2.521 3832.23
2.531 3819.99
2.541 3807.57
2.551 3794.99
2.561 3782.23
2.571 3769.31
2.581 3756.22
2.591 3742.99
2.601 3729.67
2.611 3716.88
2.621 3703.92
2.631 3690.81
2.641 3677.56
2.651 3664.15
2.661 3650.62
2.671 3636.94
2.681 3623.13
2.691 3609.19
2.701 3595.2
2.711 3581.68
2.721 3568.03
2.731 3554.26
2.741 3540.36
2.751 3526.35
2.761 3512.23
2.771 3497.99
2.781 3483.65
2.791 3469.2
2.801 3454.72
2.811 3440.67
2.821 3426.53
2.831 3412.28
2.841 3397.93
2.851 3383.49
2.861 3368.95
2.871 3354.34
2.881 3339.64
2.891 3324.85
2.901 3310.04
2.911 3295.65
2.921 3281.17
2.931 3266.61
2.941 3251.97
2.951 3237.27
2.961 3222.49
2.971 3207.65
2.981 3192.74
2.991 3177.78
3.001 3162.81
3.011 3148.2
3.021 3133.55
3.031 3118.83
3.041 3104.05
3.051 3089.23
3.061 3074.34
3.071 3059.41
3.081 3044.44
3.091 3029.42
3.101 3014.4
3.111 2999.75
3.121 2985.04
3.131 2970.3
3.141 2955.51
3.151 2940.68
3.161 2925.82
3.171 2910.93
3.181 2896.01
3.191 2881.06
3.201 2866.12
3.211 2851.52
3.221 2836.88
3.231 2822.21
3.241 2807.52
3.251 2792.81
3.261 2778.08
3.271 2763.32
3.281 2748.55
3.291 2733.76
3.301 2719
3.311 2704.54
3.321 2690.06
3.331 2675.57
3.341 2661.06
3.351 2646.55
3.361 2632.02
3.371 2617.49
3.381 2602.95
3.391 2588.4
3.401 2573.89
3.411 2559.66
3.421 2545.42
3.431 2531.18
3.441 2516.93
3.451 2502.68
3.461 2488.44
3.471 2474.2
3.481 2459.96
3.491 2445.72
3.501 2431.52
3.511 2417.59
3.521 2403.64
3.531 2389.72
3.541 2375.79
3.551 2361.87
3.561 2347.96
3.571 2334.06
3.581 2320.17
3.591 2306.29
3.601 2292.46
3.611 2278.86
3.621 2265.27
3.631 2251.7
3.641 2238.13
3.651 2224.59
3.661 2211.05
3.671 2197.53
3.681 2184.03
3.691 2170.55
3.701 2157.11
3.711 2143.9
3.721 2130.69
3.731 2117.51
3.741 2104.34
3.751 2091.19
3.761 2078.07
3.771 2064.96
3.781 2051.88
3.791 2038.81
3.801 2025.8
3.811 2012.98
3.821 2000.19
3.831 1987.42
3.841 1974.67
3.851 1961.95
3.861 1949.24
3.871 1936.57
3.881 1923.92
3.891 1911.29
3.901 1898.71
3.911 1886.31
3.921 1873.95
3.931 1861.6
3.941 1849.29
3.951 1837
3.961 1824.73
3.971 1812.49
3.981 1800.28
3.991 1788.1
4.001 1775.96
4.011 1764
4.021 1752.07
4.031 1740.16
4.041 1728.28
4.051 1716.43
4.061 1704.6
4.071 1692.81
4.081 1681.04
4.091 1669.31
4.101 1657.62
4.111 1646.09
4.121 1634.59
4.131 1623.12
4.141 1611.68
4.151 1600.26
4.161 1588.88
4.171 1577.53
4.181 1566.2
4.191 1554.91
4.201 1543.67
4.211 1532.57
4.221 1521.5
4.231 1510.46
4.241 1499.45
4.251 1488.47
4.261 1477.52
4.271 1466.6
4.281 1455.72
4.291 1444.86
4.301 1434.05
4.311 1423.38
4.321 1412.73
4.331 1402.12
4.341 1391.53
4.351 1380.98
4.361 1370.46
4.371 1359.97
4.381 1349.51
4.391 1339.09
4.401 1328.7
4.411 1318.44
4.421 1308.22
4.431 1298.02
4.441 1287.85
4.451 1277.72
4.461 1267.61
4.471 1257.54
4.481 1247.5
4.491 1237.5
4.501 1227.53
4.511 1217.68
4.521 1207.86
4.531 1198.07
4.541 1188.31
4.551 1178.58
4.561 1168.89
4.571 1159.23
4.581 1149.59
4.591 1140
4.601 1130.44
4.611 1120.98
4.621 1111.56
4.631 1102.17
4.641 1092.81
4.651 1083.49
4.661 1074.19
4.671 1064.93
4.681 1055.7
4.691 1046.5
4.701 1037.35
4.711 1028.28
4.721 1019.25
4.731 1010.25
4.741 1001.29
4.751 992.353
4.761 983.451
4.771 974.579
4.781 965.743
4.791 956.939
4.801 948.174
4.811 939.497
4.821 930.852
4.831 922.238
4.841 913.66
4.851 905.111
4.861 896.597
4.871 888.117
4.881 879.668
4.891 871.252
4.901 862.876
4.911 854.583
4.921 846.32
4.931 838.091
4.941 829.896
4.951 821.733
4.961 813.603
4.971 805.508
4.981 797.446
4.991 789.419
5.001 781.43
5.011 773.518
5.021 765.639
5.031 757.794
5.041 749.982
5.051 742.204
5.061 734.461
5.071 726.753
5.081 719.08
5.091 711.441
5.101 703.842
5.111 696.316
5.121 688.821
5.131 681.363
5.141 673.94
5.151 666.552
5.161 659.2
5.171 651.884
5.181 644.603
5.191 637.359
5.201 630.154
5.211 623.018
5.221 615.918
5.231 608.853
5.241 601.826
5.251 594.835
5.261 587.881
5.271 580.963
5.281 574.084
5.291 567.242
5.301 560.441
5.311 553.704
5.321 547.004
5.331 540.345
5.341 533.721
5.351 527.136
5.361 520.59
5.371 514.082
5.381 507.612
5.391 501.182
5.401 494.796
5.411 488.47
5.421 482.185
5.431 475.937
5.441 469.731
5.451 463.564
5.461 457.437
5.471 451.35
5.481 445.305
5.491 439.299
5.501 433.337
5.511 427.436
5.521 421.576
5.531 415.757
5.541 409.979
5.551 404.243
5.561 398.548
5.571 392.896
5.581 387.285
5.591 381.718
5.601 376.195
5.611 370.731
5.621 365.309
5.631 359.93
5.641 354.594
5.651 349.301
5.661 344.052
5.671 338.846
5.681 333.683
5.691 328.564
5.701 323.492
5.711 318.476
5.721 313.505
5.731 308.578
5.741 303.694
5.751 298.856
5.761 294.062
5.771 289.312
5.781 284.607
5.791 279.948
5.801 275.334
5.811 270.777
5.821 266.264
5.831 261.798
5.841 257.375
5.851 252.998
5.861 248.667
5.871 244.38
5.881 240.139
5.891 235.944
5.901 231.796
5.911 227.702
5.921 223.654
5.931 219.651
5.941 215.693
5.951 211.781
5.961 207.915
5.971 204.094
5.981 200.319
5.991 196.589
6.001 192.905
6.011 189.275
6.021 185.689
6.031 182.149
6.041 178.653
6.051 175.203
6.061 171.798
6.071 168.438
6.081 165.122
6.091 161.852
6.101 158.627
6.111 155.452
6.121 152.321
6.131 149.235
6.141 146.192
6.151 143.194
6.161 140.239
6.171 137.328
6.181 134.46
6.191 131.636
6.201 128.855
6.211 126.122
6.221 123.431
6.231 120.782
6.241 118.175
6.251 115.611
6.261 113.088
6.271 110.606
6.281 108.166
6.291 105.767
6.301 103.409
6.311 101.094
6.321 98.8199
6.331 96.5855
6.341 94.3902
6.351 92.2343
6.361 90.117
6.371 88.0385
6.381 85.9979
6.391 83.9954
6.401 82.0306
6.411 80.1057
6.421 78.2178
6.431 76.3661
6.441 74.5505
6.451 72.7706
6.461 71.0261
6.471 69.3165
6.481 67.6415
6.491 66.0007
6.501 64.3942
6.511 62.8229
6.521 61.2846
6.531 59.779
6.541 58.3055
6.551 56.8636
6.561 55.4533
6.571 54.0737
6.581 52.7248
6.591 51.4059
6.601 50.1169
6.611 48.8587
6.621 47.6294
6.631 46.4282
6.641 45.255
6.651 44.1094
6.661 42.9907
6.671 41.8988
6.681 40.833
6.691 39.793
6.701 38.7784
6.711 37.7899
6.721 36.8258
6.731 35.8858
6.741 34.9692
6.751 34.0759
6.761 33.2051
6.771 32.3567
6.781 31.5301
6.791 30.725
6.801 29.9409
6.811 29.1782
6.821 28.4357
6.831 27.713
6.841 27.0095
6.851 26.3249
6.861 25.6587
6.871 25.0107
6.881 24.3803
6.891 23.7672
6.901 23.1711
6.911 22.5922
6.921 22.0293
6.931 21.4821
6.941 20.9503
6.951 20.4334
6.961 19.9312
6.971 19.4431
6.981 18.969
6.991 18.5083
7.001 18.061
7.011 17.6269
7.021 17.2053
7.031 16.7959
7.041 16.3983
7.051 16.0121
7.061 15.6372
7.071 15.2731
7.081 14.9196
7.091 14.5764
7.101 14.2432
7.111 13.9201
7.121 13.6064
7.131 13.3017
7.141 13.0059
7.151 12.7187
7.161 12.4399
7.171 12.1691
7.181 11.9062
7.191 11.6508
7.201 11.4028
7.211 11.1622
7.221 10.9285
7.231 10.7015
7.241 10.4809
7.251 10.2665
7.261 10.0582
7.271 9.85574
7.281 9.6589
7.291 9.46758
7.301 9.28151
7.311 9.10082
7.321 8.92504
7.331 8.75405
7.341 8.58763
7.351 8.42566
7.361 8.268
7.371 8.11447
7.381 7.96495
7.391 7.8193
7.401 7.67743
7.411 7.53934
7.421 7.40474
7.431 7.27348
7.441 7.14546
7.451 7.02056
7.461 6.89872
7.471 6.77978
7.481 6.66365
7.491 6.55024
7.501 6.4395
7.511 6.33143
7.521 6.2258
7.531 6.12254
7.541 6.02159
7.551 5.92281
7.561 5.82618
7.571 5.73159
7.581 5.63902
7.591 5.54839
7.601 5.4596
7.611 5.37276
7.621 5.28766
7.631 5.20424
7.641 5.12246
7.651 5.04225
7.661 4.9636
7.671 4.88641
7.681 4.81067
7.691 4.73632
7.701 4.66335
7.711 4.5918
7.721 4.52153
7.731 4.45249
7.741 4.38465
7.751 4.31799
7.761 4.25245
7.771 4.18805
7.781 4.12469
7.791 4.06241
7.801 4.00116
7.811 3.94098
7.821 3.88179
7.831 3.82354
7.841 3.76621
7.851 3.7098
7.861 3.65425
7.871 3.59957
7.881 3.54573
7.891 3.49272
7.901 3.44052
7.911 3.38919
7.921 3.33865
7.931 3.28883
7.941 3.23977
7.951 3.19143
7.961 3.1438
7.971 3.09688
7.981 3.05064
7.991 3.00507
8.001 2.96017
8.011 2.91598
8.021 2.87242
8.031 2.8295
8.041 2.78718
8.051 2.74548
8.061 2.70437
8.071 2.66384
8.081 2.62389
8.091 2.5845
8.101 2.54568
8.111 2.50746
8.121 2.46979
8.131 2.43264
8.141 2.39601
8.151 2.3599
8.161 2.32431
8.171 2.2892
8.181 2.25459
8.191 2.22048

