0.104000  0.000011 1 0 1 0.939870 
0.104000  0.000079 1 0 2 0.939870 0.904200  
0.104000  0.000015 1 0 1 1.013580 
0.104000  0.000031 1 0 2 1.013580 0.958610 
0.104000  0.000036 1 0 1 1.971900  
0.104000  0.000018 1 0 1 2.029400  
0.111000  0.000130 1 0 1 1.053090 
0.111000  0.000067 1 0 2 0.384630 0.158820
0.111000  0.000059 1 0 2 1.148120 0.478330
0.111000  0.000062 1 0 2 1.190810 0.503823 
0.111000  0.000204 1 0 1 1.965240 
0.124000  0.000140 1 0 2 0.214850 1.276690 
0.124000  0.000180 1 0 2 0.214850 1.738220 
0.124000  0.000035 1 0 2 0.372570 1.580530 
0.124000  0.000032 1 0 2 0.372570 1.638281 
0.124000  0.000270 1 0 2 0.918970 0.904200 
0.124000  0.000270 1 0 1 0.887330 
0.124000  0.000440 1 0 1 1.040920 
0.124000  0.000440 1 0 1 1.823220 
0.124000  0.000590 1 0 1 1.952330 
0.147000  0.000057 1 0 1 1.017920  
0.147000  0.000077 1 0 1 1.609410 
0.147000  0.000044 1 0 1 1.800860 
0.147000  0.000199 1 0 1 1.929780 
0.189000  0.000190 0 0 2 0.718480 0.830486 
0.189000  0.000190 0 0 1 0.776560 
0.189000  0.000130 0 0 2 0.791490 0.794947 
0.189000  0.000139 0 0 2 0.921980 0.964766 
0.189000  0.000008 0 0 2 0.921980 0.835710
0.189000  0.000310 0 0 2 0.975960 0.911204 
0.189000  0.000290 0 0 2 0.975960 0.968971 
0.189000  0.000050 0 0 1 1.000690 
0.189000  0.000350 0 0 1 1.758110 
0.189000  0.000900 0 0 1 1.887100 
0.189000  0.000031 0 0 2 0.853170 0.904200 
0.197000  0.000050 0 0 2 1.062550 0.478330 
0.197000  0.000050 0 0 2 1.062550 0.546470 
0.197000  0.000080 0 0 1 1.750540 
0.197000  0.000135 0 0 2 0.397940 0.416300 
0.197000  0.000135 0 0 2 0.397940 1.142850 
0.197000  0.000013 0 0 1 1.879600 
0.205000  0.000080 0 0 1 1.742000
0.205000  0.000008 0 0 2 0.168650 1.573260
0.205000  0.000001 0 0 2 0.168650 1.702430
0.205000  0.000243 0 0 1 1.870830
0.205000  0.000051 0 0 2 0.389120 0.416300
0.205000  0.000051 0 0 2 0.389120 1.142850
0.227000  0.000075 1 0 2 0.490330 1.229400 
0.227000  0.000059 1 0 2 0.490330 1.088180 
0.227000  0.000100 1 0 1 1.074710 
0.227000  0.000119 1 0 1 1.907180 
0.234000  0.000420 1 0 1 1.842130
0.234000  0.000028 1 0 1 1.900070
0.234000  0.000077 1 0 2 0.930930 0.911204
0.234000  0.000047 1 0 2 0.930930 0.968971
0.234000  0.000110 1 0 2 0.877460 0.964766
0.234000  0.000030 1 0 2 0.877460 0.835710
0.234000  0.000054 1 0 1 1.713470
0.241000  0.000333 0 0 2 0.870460 0.964766 
0.241000  0.000107 0 0 2 0.870460 0.835710 
0.241000  0.000050 0 0 2 0.666450 0.830486 
0.241000  0.000085 0 0 1 1.706190  
0.241000  0.000380 0 0 1 1.835430  
0.336000  0.000120 1 0 1 1.401490
0.336000  0.000200 1 0 1 1.469710
0.336000  0.000021 1 0 1 1.797500
0.336000  0.000110 1 0 1 1.740400
0.374000  0.000330 0 0 1 1.573260
0.374000  0.000270 0 0 2 0.737720 0.9647660
0.374000  0.000100 0 0 2 0.737720 0.8357100
0.374000  0.000060 0 0 2 0.791490 0.9112040
0.374000  0.000040 0 0 2 0.791490 0.9689710
0.374000  0.000480 0 0 1 1.702430
0.376000  0.000057 1 0 1 1.571520 
0.376000  0.000101 1 0 1 1.700590 
0.376000  0.000200 1 0 2 0.326040 0.463004 
0.376000  0.000110 1 0 2 0.326040 0.409402 
0.390000  0.000290 1 0 1 0.399620
0.390000  0.000150 1 0 1 1.347500
0.390000  0.001780 1 0 1 1.551100
0.390000  0.000144 1 0 1 1.365700
0.390000  0.000950 1 0 1 1.686090
0.390000  0.000210 1 0 1 1.415660
0.398000  0.000120 1 0 1 1.401490
0.398000  0.000200 1 0 1 1.469710
0.398000  0.000021 1 0 1 1.797500
0.398000  0.000110 1 0 1 1.740400
0.410000  0.002270 1 0 0 0
0.410000  0.001780 1 0 1 1.666523 
0.410000  0.001820 1 0 1 0.570910 
0.410000  0.001310 1 0 2 0.701747 0.964766 
0.410000  0.000420 1 0 2 0.701747 0.835710 
0.410000  0.006200 1 0 2 0.755315 0.911204 
0.410000  0.003800 1 0 2 0.755315 0.968971 
0.446000  0.004600 0 0 0 0
0.446000  0.015100 0 0 1 1.630627 
0.446000  0.003480 0 0 1 1.501570  
0.446000  0.001110 0 0 2 1.501570 0.129100  
0.450000  0.000150 1 1 2 0.457170 0.830486 
0.450000  0.000650 1 1 1 1.164500 
0.450000  0.000800 1 1 1 1.287680 
0.451000  0.002550 0 0 1 1.62506   
0.451000  0.006520 0 0 1 1.495910  
0.451000  0.002080 0 0 2 1.495910 0.129100  
0.488000  0.001600 0 0 0 0
0.488000  0.032200 0 0 1 1.588200  
0.488000  0.006300 0 0 1 1.459138 
0.488000  0.002000 0 0 2 1.459138 0.129065 
0.491000  0.004000 0 1 0 0
0.491000  0.003700 0 1 2 1.24708  0.338320  
0.491000  0.001280 0 1 2 1.24708  0.209253  
0.491000  0.019500 0 1 1 0.674750    
0.491000  0.001110 0 1 3 0.674750 0.572140 0.338320   
0.491000  0.000385 0 1 3 0.674750 0.572140 0.209253   
0.496000  0.006000 1 0 1 1.580530  
0.496000  0.004700 1 0 1 1.638281  
0.516000  0.000350 1 0 1 1.430950
0.516000  0.000200 1 0 1 1.559850
0.516000  0.000248 1 0 2 0.648840 0.911204
0.516000  0.000151 1 0 2 0.648840 0.968971
0.603000  0.050200 0 0 0 0
0.603000  0.003400 0 0 2 0.508959 0.964766   
0.603000  0.001100 0 0 2 0.508959 0.835710   
0.603000  0.005390 0 0 2 0.562500 0.911204   
0.603000  0.003300 0 0 2 0.562500 0.968971   
0.603000  0.002170 0 0 3 0.099509 0.409402 0.964776   
0.603000  0.000700 0 0 3 0.099509 0.409402 0.835710   
0.603000  0.005140 0 0 3 0.099509 0.463004 0.911204   
0.603000  0.003140 0 0 3 0.099509 0.463004 0.968971   
0.603000  0.000700 0 0 2 0.099509 0.340960   
0.684300  0.000150 1 1 2 0.018400 0.463004 
0.684300  0.000540 1 1 2 0.223850 0.830486 
0.684300  0.000187 1 1 1 0.282000  
0.684300  0.000330 1 1 2 0.282000 0.772291 
0.684300  0.000203 1 1 2 0.282000 0.840337 
0.684300  0.000124 1 1 1 0.930930  
0.684300  0.000180 1 1 1 1.054110  
0.684300  0.000230 1 1 1 0.480940  
0.702000  0.000670 1 0 0 0
0.702000  0.002600 1 0 2 0.409462 0.964766  
0.702000  0.000840 1 0 2 0.409462 0.835710  
0.702000  0.004895 1 0 2 0.463004 0.911204 
0.702000  0.002990 1 0 2 0.463004 0.968971 
0.718000  0.000075 0 1 1 1.22940 
0.718000  0.000151 0 1 2 0.47176 0.616220 
0.718000  0.000180 0 1 2 0.47176 0.944196 
0.718000  0.000210 0 1 1 1.01986 
0.718000  0.000059 0 1 1 1.08818 
0.790000  0.000058 0 1 2 0.168650 0.988630
0.790000  0.000042 0 1 2 0.168650 1.117630
0.790000  0.000500 0 1 1 0.824934
0.790000  0.000500 0 1 1 1.286270
0.790000  0.001060 0 1 1 0.947982
0.790000  0.000190 0 1 1 1.016440
0.790000  0.000070 0 1 1 1.157140
0.837000  0.000160 2 1 1 0.901230 
0.837000  0.000220 2 1 1 0.778230 
0.837000  0.000190 2 1 1 1.110610 
0.907000  0.00140  1 1 0 0   
0.907000  0.00401  1 1 2 0.830486 0.338320   
0.907000  0.00138  1 1 2 0.830486 0.209253  
0.959000  0.000114 2 0 2 0.231420 0.616220 
0.959000  0.000136 2 0 2 0.231420 0.944196 
0.959000  0.000770 2 0 1 0.988630 
0.959000  0.000540 2 0 1 1.117630 
0.959000  0.000240 2 0 1 1.117531 
0.966000  0.001100 0 1 0 0  
0.966000  0.011070 0 1 2 0.772291 0.338320   
0.966000  0.002820 0 1 2 0.772291 0.209253   
0.966000  0.001000 0 1 3 0.772291 0.209253 0.129065  
0.966000  0.002850 0 1 1 1.110610   
0.966000  0.004910 0 1 2 0.840337 0.270245   
0.966000  0.004180 0 1 2 0.840337 0.328000   
0.966000  0.001200 0 1 2 0.199407 0.968971   
0.966000  0.001950 0 1 2 0.199407 0.911204   
0.981000  0.050400 1 0 0 0
0.981000  0.007600 1 0 1 0.214850  
1.011000  0.003080 1 1 0 0  
1.011000  0.019600 1 1 2 0.794947 0.328000  
1.011000  0.022900 1 1 2 0.794947 0.270245  
1.011000  0.004610 1 1 2 0.726863 0.338320  
1.011000  0.001590 1 1 2 0.726863 0.209253  
1.011000  0.002740 1 1 2 0.153977 0.968971  
1.011000  0.004480 1 1 2 0.153977 0.911204  
1.043000  0.002100 1 0 1 0.904200  
1.043000  0.000500 1 0 1 1.033248  
1.074000  0.000220 1 0 1 0.663820 
1.074000  0.000200 1 0 1 0.540760 
1.074000  0.000250 1 0 1 0.873170 
1.111000  0.023500 0 0 1 0.964766 
1.111000  0.005750 0 0 1 0.835710 
1.111000  0.001810 0 0 2 0.835710 0.129100 
1.118000  0.000640 0 1 1 0.620380 
1.118000  0.000536 0 1 1 0.688100 
1.118000  0.002240 0 1 1 0.958610 
1.154000  0.000480 1 0 1 0.583410  
1.154000  0.000314 1 0 1 0.651510  
1.154000  0.000276 1 0 1 0.792800  
1.154000  0.000051 1 0 1 0.921980  
1.154000  0.000325 1 0 1 0.979480  
1.165000  0.114000 1 0 1 0.968971 
1.165000  0.186000 1 0 1 0.911204 
1.190000  0.000187 0 1 1 0.616220 
1.190000  0.000223 0 1 1 0.944196 
1.260000  0.000870 1 0 1 0.546470  
1.260000  0.000200 1 0 1 0.874440  
1.260000  0.000120 1 0 1 0.816710  
1.260000  0.000900 1 0 1 0.478330  
1.738000  0.086000 0 1 1 0.338320 
1.738000  0.022800 0 1 1 0.209253   
1.738000  0.007200 0 1 2 0.209253 0.129100   
1.756000  0.001160 3 0 1 0.191353 
1.806000  0.003180 2 1 1 0.270245  
1.806000  0.002720 2 1 1 0.328000  
1.947000  0.006000 1 0 0 0 
2.076000  0.070000 1 0 0 0
