0.216000    0.000002    0   0  0  0
0.216000    0.000015    0   0  1  1.637000
0.216000    0.000000    0   0  2  1.637000  0.806180
0.216000    0.000044    0   0  3  1.637000  0.806180  0.609320
0.216000    0.000011    0   0  2  1.676100  1.377669
0.216000    0.000014    0   0  3  1.676100  0.768360  0.609320
0.216000    0.000082    0   0  2  2.444700  0.609320
0.216000    0.000211    0   0  1  3.053930
0.256000    0.000152    0   0  0  0
0.256000    0.000319    0   0  1  1.285100 
0.256000    0.000025    0   0  2  1.285100  1.729595
0.256000    0.000131    0   0  3  1.285100  1.120294  0.609320
0.256000    0.000070    0   0  2  1.636360  1.377669
0.256000    0.000085    0   0  3  1.636360  0.768360  0.609320
0.329000    0.000217    0   0  2  2.331360  0.609320
0.329000    0.000030    0   0  2  1.279000  1.661274 
0.329000    0.000100    0   0  3  1.279000  1.051960  0.609320
0.409000    0.000004    0   0  1  1.013400
0.409000    0.000032    0   0  2  1.013400  1.847929
0.409000    0.000092    0   0  3  1.013400  1.238112  0.609320
0.409000    0.000072    0   0  3  1.483500  0.768360  0.609320
0.409000    0.000058    0   0  2  1.483500  1.377669
0.443000    0.000020    0   0  0
0.443000    0.000099    0   0  3  1.449200  0.768360  0.609320
0.443000    0.000081    0   0  2  1.499200  1.377669
0.443000    0.000115    0   0  2  1.062400  1.764491
0.443000    0.000015    0   0  3  1.602400  1.155210  0.609320
0.484000    0.000089    0   0  0
0.484000    0.000004    0   0  1  0.938650
0.484000    0.000032    0   0  2  0.938650  1.847429
0.484000    0.000093    0   0  3  0.938650  1.238122  0.609320
0.484000    0.000074    0   0  3  1.370500  0.806180  0.609320
0.484000    0.000026    0   0  1  1.370500
0.484000    0.000132    0   0  2  1.021360  1.746491
0.484000    0.000014    0   0  3  1.021360  1.155210  0.690320
0.500000    0.000167    0   0  0
0.500000    0.000207    0   0  1  2.769930  
0.500000    0.000115    0   0  2  1.110880  1.661274
0.500000    0.000035    0   0  3   1.110880  1.051960  0.690320
0.541000    0.002160  	 1   1  0  0
0.541000    0.003220  	 1   1  2  0.964080  1.764491
0.551000    0.000750    0   0  0
0.551000    0.000850    0   0  2  2.109980  0.609320
0.551000    0.000796    0   0  3  1.303750  0.806180  0.609320
0.551000    0.000274    0   0  1  1.303750
0.571000    0.000427    0   0  0
0.571000    0.000453    0   0  2  2.089670  0.690320
0.571000    0.000001    0   0  1  1.155600
0.571000    0.000014    0   0  2  1.155600  1.543340
0.571000    0.000142    0   0  3  1.155600  0.934056  0.609320
0.575000    0.001670    0   0  0
0.575000    0.000440    0   0  2  2.085190  0.609320
0.575000    0.000364    0   0  2  1.316990  1.377669
0.575000    0.000446    0   0  3  1.316990  0.768360  0.609320
0.608000    0.000180    1   1  0  0
0.608000    0.000690    1   1  2  2.052970  0.609320
0.608000    0.000003    1   1  1  1.118900  
0.608000    0.000035    1   1  2  1.118900  1.543340
0.608000    0.000357    1   1  3  1.118900  0.934056  0.609320
0.665000    0.000690    1   1  0
0.665000    0.000810    1   1  3  1.329940  0.665447  0.609320
0.762000    0.000370    0   0  0
0.762000    0.000500    0   0  2  1.898680  0.609320
0.762000    0.000162    0   0  2  1.130450  1.377669
0.762000    0.000198    0   0  3  1.130450  0.768360  0.609320
0.765000    0.000240    0   0  0
0.765000    0.001490    0   0  2  1.896050  0.609320
0.788000    0.001620    1   1  0  0   
0.788000    0.001250    1   1  2  0.821180  1.661274   
0.788000    0.000360    1   1  3  0.821180  1.051960  0.609320   
0.788000    0.002140    1   1  2  1.873160  0.609320  
0.788000    0.001280    1   1  3  0.752850  1.120294 0.609320  
0.788000    0.004510    1   1  3  1.207680  0.665447 0.609320  
0.788000    0.001280    1   1  3  0.273800  1.599370 0.609320  
0.822000    0.002980    0   0  0  0   
0.822000    0.015480    0   0  1  2.447700   
0.822000    0.003500    0   0  2  1.838360  0.609320 
0.822000    0.001490    0   0  3  1.069960  0.768360 0.609320 
0.822000    0.001220    0   0  2  1.069960  1.377669 
0.822000    0.002460    0   0  2  0.786350  1.661274  
0.822000    0.000731    0   0  3  0.786350  1.051960 0.609320  
0.977000    0.000360    0   1  0  0   
0.977000    0.003070    0   1  1  2.293380   
0.977000    0.002140    0   1  2  1.684012  0.609320 
1.004000    0.000460    0   0  0
1.004000    0.000480    0   0  2  1.657070  0.609320
1.004000    0.000007    0   0  1  0.723080
1.004000    0.000099    0   0  2  0.723080  1.543340
1.004000    0.001017    0   0  3  0.723080  0.934056  0.609320
1.004000    0.000102    0   0  2  0.536780  1.729595
1.004000    0.000530    0   0  3  0.536780  1.120294  0.609320
1.004000    0.000018    0   0  1  0.536780
1.066000    0.004090    0   1  0  0   
1.066000    0.049240    0   1  1  2.204059   
1.066000    0.002670    0   1  2  1.594750  0.609320    
1.077000    0.001500    1   1  0  0            
1.077000    0.007050    1   1  2  1.583204  0.609320    
1.122000    0.003742    0   0  0
1.122000    0.000398    0   0  2  1.538530  0.609320
1.122000    0.000135    0   0  2  0.769700  1.377669
1.122000    0.000165    0   0  3  0.769700  0.768360  0.609320
1.151000    0.001810    0   1  0  0    
1.151000    0.011600    0   1  1  2.118514    
1.151000    0.021300    0   1  2  1.509210  0.609320   
1.151000    0.000650    0   1  2  0.388890  1.729595    
1.151000    0.003370    0   1  3  0.388890  1.120294 0.609320   
1.151000    0.001150    0   1  1  0.703110    
1.151000    0.003570    0   1  3  0.703110  0.806180 0.609320   
1.182000    0.000091    0   0  0
1.182000    0.000396    0   0  2  1.479170  0.609320  
1.182000    0.000332    0   0  2  0.710710  1.377669
1.182000    0.000408    0   0  3  0.710710  0.768360  0.609320
1.253000    0.000560    1   1  0  0   
1.253000    0.023940    1   1  2  1.407988 0.609320   
1.259000    0.001010    1   1  0  0   
1.259000    0.013300    1   1  2  1.401515 0.609320   
1.275000    0.007930    1   0  2  1.385310 0.609320   
1.275000    0.003920    1   0  3  0.719870 0.665447 0.609320  
1.380000    0.001540    1   1  0  0  
1.380000    0.014340    1   1  2  1.280976 0.609320  
1.423000    0.002810    1   1  0  0   
1.423000    0.020250    1   1  1  1.847429   
1.423000    0.058340    1   1  2  1.238122 0.609320  
1.505000    0.153000    0   1  1  1.764491   
1.505000    0.016330    0   1  2  1.155210 0.609320   
1.505000    0.001620    0   1  3  0.386780 0.768360 0.609320   
1.505000    0.001320    0   1  2  0.386780 1.377669   
1.540000    0.002830    1   1  3  0.454790 0.665447 0.609320  
1.540000    0.028950    1   1  1  1.729595    
1.540000    0.144900    1   1  2  1.120294 0.609320   
1.609000    0.004700    1   1  1  1.661274    
1.609000    0.001404    1   1  2  1.051960 0.609320   
1.727000    0.000200    1   1  0  0    
1.727000    0.002755    1   1  1  1.543340    
1.727000    0.0282445   1   1  2  0.934056 0.609320   
1.855000    0.001720    1   1  0  0   
1.855000    0.007180    1   1  2  0.806180 0.609320   
1.892000    0.033000    1   1  1  1.377669    
1.892000    0.040500    1   1  2  0.768360 0.609320   
2.661000    0.005800    1   1  1  0.609320   
3.270000    0.191000    1   1  0  0   
