0.180000  0.000178  1 0 0  0
0.180000  0.000940  1 0 2  0.462020 0.118170 
0.180000  0.000290  1 0 2  0.462020 0.323840 
0.180000  0.000780  1 0 3  0.462020 0.314300  0.009500 
0.180000  0.004320  1 0 1  0.487100 
0.180000  0.001300  1 0 2  0.786100 0.053228
0.180000  0.009600  1 0 1  0.786100 
0.180000  0.002400  1 0 2  0.580140 0.258900
0.180000  0.001300  1 0 1  0.580140 
0.180000  0.005830  1 0 1  0.839070
0.485000  0.001670  1 1 0  0
0.485000  0.003370  1 1 1  0.480432 
0.485000  0.001250  1 1 1  0.274800 
0.485000  0.002300  1 1 2  0.274800 0.258860 
0.485000  0.001810  1 1 1  0.533660 
0.667000  0.103000  0 1 0  0
0.667000  0.356000  0 1 1  0.351932
0.724000  0.145290  1 1 0  0
0.724000  0.071600  1 1 1  0.241995 
0.724000  0.184200  1 1 1  0.295228
0.724000  0.000900  1 1 2  0.241995 0.053228
1.019000  0.110000  1 1 0  0
